-205 7
-204 7
-203 7
-202 7
-201 7
-200 10
-199 13
-198 13
-197 17
-196 23
-195 23
-194 23
-193 23
-192 27
-191 27
-190 27
-189 32
-188 32
-187 32
-186 36
-185 36
-184 36
-183 42
-182 42
-181 42
-180 45
-179 45
-178 45
-177 52
-176 52
-175 66
-174 66
-173 66
-172 66
-171 66
-170 70
-169 76
-168 76
-167 72
-166 77
-165 80
-164 80
-163 71
-162 71
-161 66
-160 66
-159 63
-158 63
-157 64
-156 64
-155 64
-154 82
-153 68
-152 68
-151 68
-150 61
-149 61
-148 46
-147 44
-146 40
-145 44
-144 50
-143 40
-142 40
-141 40
-140 40
-139 45
-138 37
-137 33
-136 48
-135 48
-134 51
-133 51
-132 51
-131 51
-130 62
-129 62
-128 62
-127 62
-126 55
-125 62
-124 62
-123 65
-122 65
-121 65
-120 65
-119 61
-118 71
-117 70
-116 65
-115 71
-114 71
-113 71
-112 66
-111 66
-110 66
-109 66
-108 57
-107 57
-106 67
-105 73
-104 84
-103 84
-102 84
-101 95
-100 106
-99 106
-98 106
-97 106
-96 106
-95 117
-94 117
-93 117
-92 127
-91 127
-90 127
-89 127
-88 132
-87 132
-86 132
-85 137
-84 137
-83 137
-82 137
-81 137
-80 140
-79 140
-78 140
-77 140
-76 140
-75 131
-74 131
-73 135
-72 137
-71 141
-70 141
-69 141
-68 143
-67 145
-66 147
-65 145
-64 145
-63 145
-62 135
-61 135
-60 141
-59 133
-58 140
-57 148
-56 148
-55 148
-54 146
-53 146
-52 146
-51 146
-50 146
-49 146
-48 149
-47 146
-46 146
-45 146
-44 146
-43 146
-42 146
-41 146
-40 146
-39 154
-38 156
-37 156
-36 161
-35 168
-34 167
-33 176
-32 180
-31 185
-30 185
-29 166
-28 166
-27 167
-26 179
-25 179
-24 184
-23 186
-22 193
-21 195
-20 201
-19 197
-18 212
-17 224
-16 224
-15 224
-14 224
-13 224
-12 230
-11 236
-10 236
-9 236
-8 233
-7 234
-6 234
-5 235
-4 229
-3 229
-2 220
-1 216
0 216
1 204
2 210
3 208
4 208
5 208
6 200
7 188
8 188
9 188
10 188
11 183
12 193
13 193
14 197
15 197
16 193
17 193
18 200
19 202
20 191
21 191
22 185
23 185
24 185
25 194
26 187
27 195
28 195
29 183
30 185
31 193
32 201
33 201
34 215
35 219
36 219
37 240
38 246
39 254
40 257
41 260
42 260
43 260
44 260
45 267
46 262
47 255
48 255
49 244
50 248
51 254
52 258
53 239
54 241
55 259
56 255
57 255
58 252
59 252
60 273
61 281
62 287
63 294
64 294
65 294
66 294
67 294
68 302
69 302
70 302
71 302
72 299
73 299
74 307
75 307
76 311
77 311
78 301
79 301
80 301
81 295
82 295
83 285
84 280
85 280
86 280
87 273
88 273
89 270
90 257
91 250
92 246
93 244
94 244
95 240
96 237
97 233
98 221
99 204
100 204
101 204
102 198
103 193
104 180
105 175
106 146
107 146
108 146
109 131
110 107
111 107
112 107
113 107
114 99
115 97
116 87
117 83
118 78
119 78
120 70
121 70
122 70
123 72
124 72
125 66
126 79
127 79
128 89
129 89
130 92
131 97
132 93
133 98
134 98
135 98
136 98
137 105
138 109
139 109
140 109
141 107
142 107
143 93
144 90
145 90
146 86
147 81
148 74
149 68
150 68
151 59
152 57
153 57
154 63
155 63
156 49
157 49
158 49
159 40
160 38
161 33
162 33
163 22
164 16
165 16
166 20
167 11
168 11
169 11
170 11
171 5
172 5
173 5
174 5
175 5
176 5
52055
